image: map.pgm
resolution: 0.15000
origin: [-55.800000, -48.700000070, 0.000000]
negate: 0
occupied_thresh: 0.65
free_thresh: 0.196

