image: map.pgm
resolution: 0.002050
origin: [-1.33000000, -0.6850000000002, 0.0000000]
negate: 0
occupied_thresh: 0.65
free_thresh: 0.196

