image: map.pgm
resolution: 0.2050
origin: [-133.000000196, -68.5000000099, 0.0000000]
negate: 0
occupied_thresh: 0.55
free_thresh: 0.196

