image: map.pgm
resolution: 0.067000
origin: [-23.800000, -18.700000126, 0.000000]
negate: 0
occupied_thresh: 0.65
free_thresh: 0.196

