image: map.pgm
resolution: 0.2050
origin: [-133.000000, -68.5000000021, 0.0000000]
negate: 0
occupied_thresh: 0.65
free_thresh: 0.196

